273 82
3 10
3 3 3 3 3 3 3 3 3 3 3 3 3 3 3 3 3 3 3 3 3 3 3 3 3 3 3 3 3 3 3 3 3 3 3 3 3 3 3 3 3 3 3 3 3 3 3 3 3 3 3 3 3 3 3 3 3 3 3 3 3 3 3 3 3 3 3 3 3 3 3 3 3 3 3 3 3 3 3 3 3 3 3 3 3 3 3 3 3 3 3 3 3 3 3 3 3 3 3 3 3 3 3 3 3 3 3 3 3 3 3 3 3 3 3 3 3 3 3 3 3 3 3 3 3 3 3 3 3 3 3 3 3 3 3 3 3 3 3 3 3 3 3 3 3 3 3 3 3 3 3 3 3 3 3 3 3 3 3 3 3 3 3 3 3 3 3 3 3 3 3 3 3 3 3 3 3 3 3 3 3 3 3 3 3 3 3 3 3 3 3 3 3 3 3 3 3 3 3 3 3 3 3 3 3 3 3 3 3 3 3 3 3 3 3 3 3 3 3 3 3 3 3 3 3 3 3 3 3 3 3 3 3 3 3 3 3 3 3 3 3 3 3 3 3 3 3 3 3 3 3 3 3 3 3 3 3 3 3 3 3 3 3 3 3 3 3 3 3 3 3 3 3 
10 10 10 10 10 10 10 10 10 10 10 10 10 10 10 10 10 10 10 10 10 10 10 10 10 10 10 10 10 10 10 10 10 10 10 10 10 10 10 10 10 10 10 10 10 10 10 10 10 10 10 10 10 10 10 10 10 10 10 10 10 10 10 10 10 10 10 10 10 10 10 10 10 10 10 10 10 10 10 10 10 9 
81 47 62 
47 18 31 
81 16 17 
4 24 73 
23 73 82 
31 36 29 
41 33 75 
30 55 13 
51 32 10 
60 6 79 
22 58 12 
66 38 11 
67 37 41 
9 78 18 
25 38 39 
68 27 41 
24 76 48 
33 16 31 
70 53 69 
65 73 7 
72 29 13 
33 46 17 
27 55 31 
48 54 6 
63 25 82 
78 26 27 
12 32 39 
42 33 57 
59 4 2 
69 9 56 
5 57 82 
77 44 71 
37 57 9 
62 17 74 
7 21 39 
43 61 60 
36 64 75 
11 61 81 
19 56 14 
69 11 28 
78 52 36 
18 37 70 
82 77 10 
5 70 50 
81 74 37 
61 35 8 
59 30 17 
67 64 5 
14 53 3 
27 18 50 
73 2 51 
65 15 35 
54 10 62 
43 76 62 
15 1 55 
6 35 47 
59 51 36 
55 22 20 
21 38 28 
50 25 48 
19 5 29 
80 13 41 
78 3 64 
1 33 28 
43 57 26 
80 40 18 
19 68 9 
6 31 74 
66 45 59 
75 11 48 
10 21 60 
26 42 48 
46 40 71 
79 8 39 
13 53 16 
43 4 20 
3 40 1 
75 21 9 
73 11 36 
49 13 7 
74 23 30 
65 9 42 
10 4 63 
24 15 40 
81 1 75 
5 1 2 
28 31 39 
2 29 44 
28 3 61 
77 47 55 
79 68 34 
49 66 28 
8 25 46 
56 44 30 
74 20 58 
15 68 12 
20 9 17 
6 65 80 
49 72 3 
24 52 41 
71 67 53 
26 63 35 
67 66 73 
44 64 72 
1 51 63 
29 4 37 
56 20 60 
45 24 23 
60 8 57 
32 54 3 
17 76 27 
16 23 10 
71 66 68 
51 18 62 
30 34 20 
2 46 27 
79 69 25 
67 62 23 
38 35 14 
21 80 15 
49 47 32 
63 77 50 
76 23 44 
51 64 14 
30 75 52 
21 63 19 
45 25 19 
52 25 33 
22 26 82 
11 79 77 
72 8 68 
22 42 47 
64 54 49 
42 56 76 
79 32 70 
60 40 45 
13 48 34 
65 76 34 
71 70 59 
27 70 34 
22 29 71 
12 24 63 
16 52 82 
26 44 55 
46 45 54 
81 77 29 
50 80 32 
10 71 78 
80 67 2 
60 15 46 
78 12 79 
7 51 47 
22 34 44 
43 69 74 
2 45 69 
72 57 65 
32 17 65 
56 38 78 
23 61 58 
8 49 30 
54 70 21 
75 66 43 
68 31 73 
40 35 34 
62 59 7 
15 58 53 
24 20 42 
16 14 18 
69 16 46 
39 59 58 
52 61 14 
3 36 12 
50 43 49 
76 7 77 
12 4 19 
7 5 45 
42 61 72 
13 19 28 
81 41 53 
57 74 38 
66 41 35 
36 58 80 
38 26 6 
72 67 48 
55 14 39 
11 56 53 
50 54 4 
6 37 58 
37 5 33 
40 22 52 
8 1 64 
33 11 55 
1 14 65 
4 18 56 
62 5 48 
55 76 40 
66 82 78 
64 77 43 
34 72 28 
63 53 2 
44 20 70 
70 8 3 
59 61 65 
60 36 9 
66 58 48 
4 28 14 
7 19 44 
6 8 43 
25 24 68 
14 72 31 
18 68 53 
23 68 57 
29 82 41 
62 11 24 
77 26 16 
75 40 69 
67 34 75 
30 2 18 
5 30 63 
20 7 2 
8 71 23 
11 59 50 
10 64 79 
26 71 25 
24 60 13 
54 77 19 
15 72 81 
20 66 57 
45 35 62 
38 32 9 
35 37 27 
54 17 36 
39 51 37 
17 39 82 
56 45 65 
4 51 33 
45 47 58 
59 57 78 
22 50 3 
10 49 38 
32 73 16 
31 81 64 
7 46 35 
15 34 69 
81 46 67 
52 38 19 
32 52 42 
67 61 78 
9 12 52 
48 55 16 
74 39 10 
1 21 36 
33 12 21 
6 44 13 
1 79 46 
74 15 47 
29 50 75 
42 74 71 
70 80 76 
58 43 41 
27 6 40 
73 49 22 
28 47 25 
51 21 30 
79 76 41 
53 73 54 
80 37 31 
17 3 13 
12 60 23 
69 63 42 
22 27 5 
26 49 29 
80 56 61 
255 252 193 191 105 86 85 77 64 55 
220 218 200 155 149 116 88 86 51 29 
268 239 202 172 110 99 89 77 63 49 
236 206 194 187 175 106 83 76 29 4 
271 219 195 189 176 86 61 48 44 31 
261 254 208 188 183 98 68 56 24 10 
243 220 207 176 174 165 152 80 35 20 
221 208 202 191 160 131 109 93 74 46 
249 230 204 97 82 78 67 33 30 14 
251 240 223 148 112 83 71 53 43 9 
222 214 192 186 130 79 70 40 38 12 
269 253 249 175 172 151 142 96 27 11 
268 254 225 178 137 80 75 62 21 8 
210 206 193 185 171 168 124 119 49 39 
256 244 227 166 150 120 96 84 55 52 
250 241 215 169 168 143 112 75 18 3 
268 234 232 157 111 97 47 34 22 3 
218 211 194 168 114 66 50 42 14 2 
246 226 207 178 175 127 126 67 61 39 
228 220 201 167 115 107 97 95 76 58 
264 253 252 161 126 120 78 71 59 35 
271 262 239 190 153 141 132 129 58 11 
269 221 212 159 123 118 112 108 81 5 
225 214 209 167 142 108 100 84 17 4 
263 224 209 128 127 117 93 60 25 15 
272 224 215 183 144 129 102 72 65 26 
271 261 231 140 116 111 50 26 23 16 
263 206 199 178 92 89 87 64 59 40 
272 257 213 146 141 106 88 61 21 6 
264 219 218 160 125 115 94 81 47 8 
267 242 210 163 87 68 23 18 6 2 
247 241 230 157 147 135 121 110 27 9 
253 236 192 189 128 64 28 22 18 7 
244 217 199 164 153 140 138 137 115 91 
243 231 229 181 164 119 102 56 52 46 
252 232 204 182 172 79 57 41 37 6 
267 233 231 189 188 106 45 42 33 13 
246 240 230 183 180 158 119 59 15 12 
251 234 233 185 170 87 74 35 27 15 
261 216 196 190 164 136 84 77 73 66 
265 260 213 181 179 100 62 16 13 7 
270 258 247 177 167 134 132 82 72 28 
260 208 198 173 162 154 76 65 54 36 
254 207 201 153 144 123 104 94 88 32 
237 235 229 176 155 145 136 127 108 69 
255 245 243 169 150 145 116 93 73 22 
263 256 237 152 132 121 90 56 2 1 
250 205 195 184 137 72 70 60 24 17 
272 262 240 173 160 133 121 99 92 80 
257 239 222 187 173 147 122 60 50 44 
264 236 233 152 124 114 105 57 51 9 
249 247 246 190 171 143 128 125 100 41 
266 211 200 186 179 166 101 75 49 19 
266 232 226 187 161 145 133 110 53 24 
250 196 192 185 144 90 58 55 23 8 
273 235 194 186 158 134 107 94 39 30 
238 228 212 180 156 109 65 33 31 28 
260 237 205 188 182 170 166 159 95 11 
238 222 203 170 165 139 69 57 47 29 
269 225 204 150 136 109 107 71 36 10 
273 248 203 177 171 159 89 46 38 36 
229 214 195 165 118 114 54 53 34 1 
270 219 200 142 126 122 105 102 83 25 
242 223 198 191 133 124 104 63 48 37 
235 203 193 157 156 138 98 82 52 20 
228 205 197 181 162 113 103 92 69 12 
248 245 217 184 149 118 103 101 48 13 
212 211 209 163 131 113 96 91 67 16 
270 244 216 169 155 154 117 40 30 19 
259 202 201 161 140 139 135 44 42 19 
258 224 221 148 141 139 113 101 73 32 
227 210 199 184 177 156 131 104 99 21 
266 262 241 163 103 79 51 20 5 4 
258 256 251 180 154 95 81 68 45 34 
257 217 216 162 125 85 78 70 37 7 
265 259 196 174 138 134 123 111 54 17 
226 215 198 174 146 130 122 90 43 32 
248 238 197 158 151 148 63 41 26 14 
265 255 223 151 135 130 117 91 74 10 
273 267 259 182 149 147 120 98 66 62 
245 242 227 179 146 85 45 38 3 1 
234 213 197 143 129 43 31 25 5 0 